index uerborum. 115

ausibus (litterarum) 4, 11.
auspiciis 13, 12. 38, 15.
3111131155, 9.

311 passim sut—eut passim ;
uide 33113.

eutem passim

wsm4mmmn
143,1. ·ss (acc.) 10, 5. 19,10.

mmmnmsmn

mstnnencum,

13. ·ibus 99, 8. 145, 22. -11111 ,

102, 15.

33131333568,22. 3-1,52 20 53111333(131-)6,43159,13

3111111335, 3, 4,15. 3844318.
59, 4. 88,1,15. 120, 4. -is
35, 8. 31,1. 38, 3. 66, 22.
12,8.84,18.151,14,-3111111
6519. 91513.

cffi,3.ffln-

-,)86 4.(11-
sciplince-) 1134331111.)
151,19.·3111 3113111 51, 4.
81,22.89,20.(3111111311111111)
mubmmqm,u

mwmwww·fflmmmmmnmew

61, 13.

-3329, 15. 3313. 46, 11.

auxilium (ferreb- -) 65, 4. bellum pamm ig 18 (m
1-9911199199 11·1 91111 quocumqus- genere) 61, 8.

bwmmsswmw
omiffls

R

baiulare 21, 6.
Balearium insucl. 19, 6.
1 ballonis 139, 5.

ballista 143,13. 33 (ccccmo
nmmfflnumffi
143,13 148,19.-31134,18.
135, 20.140,13.163,4.-13
10,19.162,10.

ballistariis (33811113 -) 118, 12.
53111113τί33 (subet.) 36, 10.
balnearum 1, 10.

5315313335, 12. -3111111 33, 11.
·is 150, 1. -311111125, 8.
mmmmw.n,wo‚
3. 92, 16. ·os 52, 6

barbarico 14,10. 131, 21.

68, 11. (0111- -)14, 1. 82 3
86,11. (necessitas )-9,2 21.
(uis- -,)104 14. 150, 6. -ο
(11311384. 115, 10. 120, 2.
-33.(351)30,5.(33111131133-)
46,1031511,19.150,12.111
mmmmmffl’mm
wwuumsm1m

391313.) 14, 24. -3 (333.)
(311- )6, 22 205 orum6,.6
11,13. 12, 22. (discipline-—)¹
33,12.(11333331133-)4311
64, 4. 119, 13. (111 umuerso
8311313-)141,11.-13(1131.)
521811(351)6621119,2 .

beluus 111, 1. -es 111, 16. ·is

um4mme

bmceffisstnmn

889 51812, 2.102,18. 103,10.

5311311313τῇ 41, 13.

barritus (9311111816-11111 beneficiis163, 16. -,041 14

193,19.
buseil46, 1.
basilicae 58, 11
535133 24,

110, 8. 130, 2. 151, 5.

Bessorum 45, 14 145,12.
bestius 118, 11.
bibentibus 681

bellandi 16, 6. 11, 4. 52, 11. bidentes 60, 21.

-,ο29 13
5311313182, 14,10. -31118,
15 111, 11. es (3313)95 10.

51111 111, 3. -33 4419. -3

49, 8. 132 4 -3124,.9
38, 3. 41, 15. -οε [101, 20.]

 

