Iudex uerborum.

111111 inf. 11111.78,88.87,11.
111111. 111’(- 11)’,111

M

extremitatis 105, 8.
extrinsecus 86, 18. 188, 8.

18. (1111 ooo. 11111 11111111.) extruendo 1416, 11114111.

mm

mmmummmm

14. -ieo, 24. -11101, 8. 108,
6.- 1111417.

exturbant 188, 18.
exuberet 188, 18.
11181111111 188, 8.
1111111111861111811118,18.

, expeditior, 18. [-0111 1·τοῦ exundare 14 21. ost 1618
= συμφέρω111718018] -11111 exupereut 148, 5.

’ 67,.1 78,.4 8718 -,11166

111111111181,4. 11111818.

mmemmmem 1114 mmmm.

68,.4 -,11181181 8. 88, 81.

4mmnmwmm
2 expeditissimis 88, 8.

1111111858, 1. 158, 6. -884,
jm.aem'mfflmmum
’ 18.-116911.

, experimentum 164, 10. -,1188
Ι 118118 -164,8.01,.8

[181, 4.] 187, 1. -11 11, 80.
18, 18. 17, 10.66,18.118,1.

. -11111184,16.

{ummmommm

’ explora 88,7. endum 14, 4.
-1111178,8.0 154,8. -11178,
8 806 14718-11188μ4
, -111118,8.31180,15.-11ο
18,-14. 1111118111.
[explorator 122, 15, 17.] 1-111
1111

ξ exploratoriee 158, 16. 154, 8.
erponem 88, 7. 88, 14. -untur
1 108814111111111111488
111111111111180, 7. -1186,
714017. -tis136,16.
expresserint 169, 10.
ffiffiffiffiffifflmmm
ownmummme
exterritis 181, 17.

1 extinguentur 181, 8. ·guit 184,
1 15.-1111111148,18.
Tuffimfflm
mmmmm
extrahatur, 18. -eudi 188,18.

mmmmdmm

emm

F.

fabricandus, 8. -11811 151,
80. -antur 1’30, 16. 134,4.
181, 80. -eri136, 80. entur
1181111148, 8.
11111111(11811111-)107, 88.
11811111445,8.·81145,17.
fabulae 29, 16.
11111165. 14,.8 81,.6 48,
10. 87, 17. 71, 84. 81, 1, 11.
88,.9 100,8.103,84.1’10,80.
mmmmmsmm
,1,38 8. 1111181168, 8. 71,
18. -81108,9,19. [181,9.]
118816. 37,18. 8818. 61,

.mmmmmmms

88, 8. 1111118818. 86,1. 47,
w.mmmemmm
ummmmmmm
18.-1111118611. -endum 56,
19. 76, 80. -endus 120, 8.
endis 88, 8. -eus 87,18. -11-
mmmmmmmm
21. recitaremus. 11, 16. (o.
111. o. inf. 81, 8.) -unt 53,
1154811,111,.178,.1
memmmm.m,m.
Q,ssm7mmm
183,8. 8111111888 -11111
108,18.11·11887 1111108
1. -1111187,14. 58,18. -isset
45, 8. [feeit 180,17.] facto

13*

 

