Index uerborum.

11111133 80, 1.
inuicem (sibi -) 97,14. 79, 9.

W

1613666663
333163363
6666663

,63366366

1441311337,10.ἰ-(111931.-)

66616633
666163

3973111381011111 (-31 ua 9616.
11111) 13, 16. e(imp. -)5, irasci 7,1 4.
8 37 2134 87 33, ὅ 67 64,16 ire (ηρ redire) 28 14 37111777-

et 124 13 et 160 4 33130, 3.

buz 79, 93111111 111111 114, 8.

mm(mmwfflmwwa1mM6

72,10.

69ῗὶ9131138ομ ,.7 666 93, 20. -etur

1111111193 19. 111, 14.
; inundari 26, 198916.
, inundationum, 16.
1116111733, 4.

inutilem 165, 1.

Ionio 131, 3.

11131161 90, 7.

ἱ3333933ἤ8.
336636363
mmmmfflme
mmaewawzffl)
6w6ffimffiqmv
mwffiwfflm6w
1μω666363

³61 (- quoque) 40, 3. 36,
6Η6661616
96111133 38,8. 43, 22.
6Μ1661636
6,6ᾙ66666,3
6,6.ω,6.6,36,
w6149‚.’,.’121661⁷1666’
Ὶ1113336361316
6666,1.6ω3
103,.7(3331.)160,11. ·o[(e6
-m‚nu,6m‚mw,

22 37, 9. [111, 91.-]-199,16.
3,Μω3666-)
29,.20 7114 81,.,.2891
98, 14 100,4. 119, 5 -3647,
4ωω66ηψ)ωωηε6666
73, 19. 80, 4. 161, 19 (6969.)-

54,6,10. 72,13. 132,13.

(3139.) 77, 10.131,1. 63
55,13. 38,10. 119,11. 182,

Η63 3ωῃ,6’
6,ΗΜ.666ωο
13.]163,12. id 666 42,16.
43,3.48,.634,.113’1,.8
m66fflmq’ffi646
10,11. 156,.3 137, 2 3
eius 43, 23. 44, 4,14. 74,13.
84,.1386,.887,20.144,1
6’w.mm.4m9ffl
21. 108, 10. 130, 13. 163, 7.
366,61636,
18. 108, 16. 141, 17. 148,10.
1663666Μ63
1. 143, 1. oo (1166167, 91 et
15, 13. 18, 6. (-amplius)38,
66663666
6.106‚16.109,.1 143, 6. 147,
16 abeo quo4 34, 8.41, 13,
13. 47, 8. 34, 2. 137, 13.
earum 117, 7. 131,16. 134, 3..
mmznmu64m
66, 7. 41, 6, 11. 51, 4. 66,16.
6,6636666
6363636
6.6366333
(dat.) 17, 8. eas 118, 12.
161, 4. eo· 10, 3. 90, 8..
27, 6. 29, 16. 3619. 51, 5.
6,6366ω63
18. 93, 10. 117, 18. 155, 8.
160,16.

 

