226 Index uerborum.

-11611111111114,3.145,19. -5515 6116111111. -11 69, 10.

149, 8. -611111122, 12. 8810. 1611111111 V. L. 155, 8.
-15558015 -1111111 20, 8. 118, plena (legio —) 855 81 4518.
5. -isset 142,4 ,1111111111 -ο(-611(111)13,20.(611111-)
85,15. 58,1. -01159, 14. -um 88, 14.
peruigil 58, 1. 88, 5. wide ad.

peruii 80, 22. pleniorem 111, 5.
611111111161,18. plenissim533, 1. 16,12.
pestilentiam 68,1. plenitudo 64, 11. 93, 21.
petat 58, 8. -555555 48, 84. plerique 18, 18. 111. 54, 8.
6111111161. -θ1θ51,16. 128, 111, 5. 112, 15.
6.160,22.1111163·11111111 1111111111 ι11,2

⁸⁵,-6 151555555 148,15. -arum 18,
1555'15535555, 13 335 41· p81. 55 485 5818. 11,1Ϊ

philosophiae 044163θῆ-1141,11.1ο,1ὀ.141, 8
1341211111.

111633416313· ¹ 6111111111. 11, 11. 41, 11.
11111333- 3313335 41, 11. 11, 1. 11, 11. 85, 4.
pictores 41, 4 100, 1. 111, 1. 111, 15. [111,
6111111161- -11110 128, 15. 6,] 1361, 1311619. 144,
141333 123 13 18. 1111 54,.5 55, 5. 51,
01819008185 14 5. 58, 8’. 55,4. '55,.5 111, 14Ϊ
1111144331 335 1· [181, ’.14] ’,144 1’.4 150’ 8.

pign‘us 13· 13 555511,15. 11, 11. 55,5. 15.
611111111611111123,8. 66,61’166 g

11313333-)431333334 515515185, 15. 181, 80. 158,

6111θί12621. 9 .01·5m158‚.8 -1164,11.

”’ω1ῗά”ῑ,,’,,’ἒ,;ἰξ,, ’ᾆξ’ 11,11.1ο1,1.11111,11.

”’ ’ἀ ””’ uentum fuerit’ ’11η1ΰ116114171,’11.11’1,’1

611166111111656166166875 18 86, 18. 92, 2. 85, 8. 101, 22

6111111 14, 6. 84, 5

11111. 1,.. ’1123 33· 33 3· ’

piscibns150,15. 163, 8. ΗΘ· 1,, 18

placuisset 45, 88. -5515 158, 18. pffiui} ἅθ’ ’,’ξ) ,’,έ 5⁹8· 20 ,8, ,
11161(- 55515)5,15. -1555515 ’163, ' ’ ’ ‘
⁷! ¹· 6111111111(1111111-,)151 10.
61161111,11.14,11.16,8.6661366,

4116· 1111111141, 1. 88, 1 88, 15
51555 8415 80, 80. 85, 18. -55 1'88, 11.

68, 16. -0515--‚)18018. (in 60111111, 19. 12, 21. [1845] 1

mum,8m4ffl,
18. 154, 8.

-)11ο,1. -um(0di.)115,.5 -‚55558. 111111 )85,85
61111111169, 11. 44, 1. ÷
611111114612. 60111111146, 19.

 

