190

51, 13. 59, 7. 109,.5 195,.4
ίξ-(1119111193,19.·]·911111111199,.6
[insimulare 190, 15.·] -ari 30,
9. -etur 94, 14.

· 111111191911919, 19 37, 99. 80,
5. -9119111 19, 4. -9119 90, 17
48, 11.

dissoluere 149, 9.

distantia 96, 15.

distare 97, 9 distat 59, 8. -91
111199111133 -191111110,17.
11111191990, 15. ,
mmemmmm

diuersa 26, 9. 51, 17. 117, 1.

151,13.-99134,8.151,11.
-911191 64, 3. -9155, 10 bis.
55,15. -is 3517519. 36,
33795117 679713.
79, 4.88, 16. 91, 1916. 194,
16. 199,19. 159,1.161,10.
-o 139, 19. 161,11. -os5, 3.
Qffiffl9

diuidentibus 83, 16. -itnr 34,
7. -unt 159, 3. -untur 78, 9.
-uisorunt 46,12 ·sus 13,18.
80, 21. si(-· per)28, 15 35,
3. 81, 13. 199 47 5. 74, 17.
85,.9153,.6 -19109,9.-111

11111119 39, 13. 199, 5.- -9101,
mmmcmm
diuinitatis 59, 7. 55, 6.
diuinitus 54, 4.
(11111101959111) 99, 3. (-111-
gust1 atq uc Η91119111) 98, 9.
9611919119) 37, 15. (- Ve-
spasiano) 41, 2.
1111111997, 9, 17.
diuitiarum 69, 17. -115, 90.
1111111199, 11. -995, 7.
119111119516. 68, 93·
doceamur 92, 22. -eantur
18,16. (5119911111) 90,9
89 4 emurV L. 92, 22.
-etur (=- traditur) 49,16.

Iudex uerborum.

9919111191* 54, 10 et 79, 9091
-9119111115,17.-9111111(1991
991.) 68, 20. -e,.ntes54 -erc
6,.,197. 19, 90. 9191459.
doctos 57, 13.

doctissime 47, 17. 48, 5.

(1991111111116, 14. orum 107
199191(911119111111)18,5-9111
65,7. es—( armorum) 175
18,11.

doctrinu4, 5. (armorum -)
19, 18. 59, 8. (pugnandi— ·—)
94:23 124, 14. 180, 17. 165,
10 -inis 90, 1.

documentum 38, 14. 129, 7
dolabras 61, 2.

dolatoriis79, 19.

(1919919, 3.

dolum 141,10. 145,14. 070,
90. 115, '19.

Edomure, 191, 6.] domuit 65, 5.
ο111911199190,16.-9 152,4
191911919194, 4.
mmfflmemm
domitori 33, 11.

domum 152,3 -orum 133, 7.
15111145, 1,18.151,91.
donatiuo 54, 4. -is 54, 11.

dormientes 919. -ibus 104,9.
114,19.1111111419 16315.

draconarii 22, 16. ·is 46, 9.
-os 41, 7.

dracones 26, 6 46, 8. 74, 4.
drungos 101, 10. 105, 1.
dubii 157, 1.
11991991996, 1. 110,.9 111,
10. 146, 3. 164, 14.
dubitant 103 97. 91119111 88 10.
9116111111911991-9919 ooo. o.
191098 -91 (nemo- cum
occ cam cuf)14913. et-uuit
5,.21 91 (quiscum accc
1191) 89, 20.
dubitationem 100,9. -9119111

1111111111 18 13. 71, 5. 130, 18.

 

