214 Index uerborum.
10⁷, 8. -em 108, 10. -1181, miles 11, 8. 11, 8. 11, 11111,

1. 113. 118, 8. [184 4.] 25. 40, 5. 54,13. 57, 5. 59,
1ωο1ωῳωμ 111118Μ1
molius 111 (- nt) 1, 8. 111111 -1118 51, 20. 125, 5. 1111111,
mmmmzmm1mmmffimw,
mmmm mmmmmmm
mmwmmmm fflssfflssfflwk
1111111117, 18. 18, 18. -orum 59, 8. [121. 2. -11, -nm,
10, 5. -11111 panim.

111111181(- (11) 14, 11. -1111 milia uide mille,

111 mmmmmmmmn
11111115 38, 9. -11 124, 17. 1110, 15,

menn 33, 5. 122, 5. 1117518. 1111111001 31, 5, -us 00, 1,.10
-tem 11. 11· 11111, 1116, 11, 11. -sse 11, 11.

1· 111, 13· 120, ⁷· militaris 8, 12. 11, 81111.
11111138, 10. 157,11. -111 00, 1, 00, 1, 01, 5, 30, 5, 68,

152, 20. 1115515. -1111111, 11, 00, 1, 00, 111, 5, 1181.

18. 37, 3. 146, 21. 153, 2. 110,10,.03ο,10,-11112,11.
··uml56‚ 13. 159, 9. -1171111 13, 1, 31, 10, 64, 7, 60,15.

38,15. V. L. 156, 13. 05, 0, ,1 15, 5, 11, 18, 17,
1111019141, 1· 11. 81, 1. 88, 11. 88, 11131, ,
mensura 119, 5. -5 119, 8. -11 10, ,1001 (.. uiris) 117, 3. .
111111, 8. 111, 11. -am -ium 51, 1,

,991 ¹4· Μ’ ¹· 11111111,11.1,11.1,1.11,
mensuratur 2'1, 5. 119, 11, 18. 5, ³⁷, 0, 38,13, 55,19.89,

11111111 3011. ·8m 59, 9. 15, 35, g, 111, 11, -am V.L.
1111111118, 12· , 1,1.(-811111111)1,18.11,1
mereantur 153, 0. -118111 111. 15, 1, .
18818118. 1111111130·
11811111111111 15, 11. 58, 10. 11011113 οεῖἲο0111ᾳὲὲὲἓῑθῃ1ηέ11
57, 1· ⁸5· ¹¹· 97, 11111111 sescentos 8813·
monn 11, 11. promerito 20,1. ginta 1111111. 1111110110
mmmmmn mmfflfflqmffl
1111111111114511. -135, 11. 1111-10,1.31, ,
1111110181, 10. , 1814. 1οχ .- eentum 10,
*metatores 41, 12. 12. duo - 06, 2³. 100, l·
εταχειμάζειν 153, 7. decem 11,,11. uiginti ··
111111193, 8. 100, 8. 8ng1n88 - 100, 8·

111θῆ11111 84, ⁷· 111111 111111 nongenti 10
metuendos 159, 11. -entes 71, nagintn 811 90, 18. 111111

8. -111151, 3. 11011111 -) minum 100, 8, 5131011111- ¹
8, 8. -111181, 1. -ο33,10. bus 11, 1,
-1110, 19. 95, 10. minaretur 18, 3.

. metus 11, 20. -u 1111. 111. 111111111,1.111,11.111,1 .
8111. -um (post -) 148, 18. -11 11111.

 

