14

dssssmwmw
detrimenti 67, 8. -ο 81, 14.
133

detrudantur 72, 2. ·endo 107,
17. -untur 164, 7.

deturbat 168, 6.

deuerticula 76, 16.

deuiis 82, 17.

deuotio 33, 9. 39,1. -one 43,
ἐξ), giem 44, 6. 71,13. -onis
Deus (6661661116) 73, 16. 668,

22 3913 11111-4,.,,33819
20. 1-139,11.

3611161313. 24,16. ·16166
363313336
3. [123 6.] 133, 2. 164, 12.
361116 1361166116 76, 21. 166,
4. 613166,7,9, 12. tro 89,
23. 4819 6113. 101,.1 10417.
106,6.109,13.113,16.[122,
17.]-116111 107316. 10312,
mmmwm-m
16, 16.108,19.199,14.-1116
21,1. 23, 12. -110624, 13.

dicam 61, 7. 06, 3. 138, 6.· --611
111161, 7. -6192, 8. -atur 69,
6. -66611144, 7. 6661111123,
20. 96, 10. 6661111237. 31·

, tenda 73, 3. 93,13. 160, 7.

316616 13, 6. 3166161111 67,2 .
31316193, 6. -eretur 14313.
33333ω33
33333333
87, 10. 97, 3. 88, 17. 106, 6,
13,13.142,16 143, 2, 4. 132,
20. 164, 10, 16, dicimus 49,
11.3Μωῌ313
17. 99, 210311. 104,18. 118,

ω33333ωηκ

3818 40, 23. 73, 16 138, 9.
139, 8. dixerim (111 113 -)6,
22 dixerunt 167, 20. 3111111111

index uerborum.

1
33331,1.633 3,33Μ13131

111,12.3161111166366,22.
(11610116 29, 18.

3161616313 8, 4. ¹
3166 (111) 26, 3. 168,16. 119,
14. 316 672 (mad.) 71, 20
3,3333,Μ31.
ommm.mmum
167,3.168,1.169,6.111611
74,18. 79, 31. 86, 10. 9319.
[126,16.]146,10.164,.8167,
3. 138,2.169,4. 1337316311
33333333
67668 19 6813 77,.1
13,3,333Μ.
3111616189,12.6111-194,19.
6116 9310311616616613
difficile (11311.) 63, 16. 86,1.
113,.7 [122,1,]136,3163,13.
311311133316.

ffifflmamwwm
33-331
61166111ῑωί666, 17.

33333333
100, 9. 108, 8. -611 36, 8. -6161 1
14, 8. 91, 8. 6111616319.

diffimditur 136, 7. -11111 63, ³·

digeram 129 13. geruntur 63
8. 1341. -gessi 149,18
gesta 66 21. -366111 (p1)124
16. -gestie 112, 1.
333,3.

31311616 61, 16.

dignabitur (cum inf.) 88, 6

1333333,Η1
9. -em 46, 21. -6116 8411.
61964319. 39,16. 70,12
(1116661111 84, 4.

dilectat, 6. 29,-3 66119
32,17. -111118,10.10,.336,
16.3ω.μ34331
diligantur (cf 361)11 6 31169·
111612, 8. -66116 91, 19.

 

