Index uerborum.

169, 6612213. 25,18. 26,
13, 19. 69, 19 83, 9. 106,12.
139, 14. -1111137, 13. 89, 22.
mm

fidelis 5, 2. 38, 22. 79, 8. -es
66

fidelissime 13, 4.

fidelissimos 76,19. [-is194, 1]

fflwwuaem.
fidentibus 137, 2.
666666666.
.666Ηῌ6ΜΜ.
“ 66661666
mu]
fim9Q4Qz9m,7.
w[1241294111912179’7
66166166
mm

, 1866142, 2. -enda 56, 14. -616
6666666
’ 116111 61, 9. fixum 94, 5. fixis
’ 611116 19, 8.

¹ 161118713. -111185,.4
161125, 13. 6133 -611155,
19. -11111613,2.

6666616164, 6. 83,16. 85, 20.
6616175, 18. 61103, 9. 61111
766μ1
61
1661111161199,7.
6161661712.118,12.129,16.
, 6161813.

1686116 74,

; 6681161 162, 8.

j 6616166 140, 15. arum 145 22.

-616 70, 2.

·1ε74,18.162,10.

= 6666616674,5.-1134,10.
6616154, 19. 156, 5.
1611166162, 1. -u156, 7. V.
’ 11.,1612. -,.6111Π 1612.
; -111 l.) 74, 1. 161,2.

116 6141,1.

3 1661116173,23.

. 6616611616619, 19.

3 1661661132, 1,

Μ

6661618019. 1111161529 154,
5,11. 163, 7.

6616116110 10. 1661419. 34, ,
15.60,17. 75,15.11111111159

1. 66, 9. 130,1. -161171181, 10.
104, 7. 161, 5.

6116166 71, 22. [1661123 10.]

16166180, 11. 91, 6. 114, 21.
1661166161 93, 6. -1661 145, 10.
61611184, 7. 611141, 22.

foedantur 48, 11.
1661616116 35, 4.

foeditate 69,1.

foenum 54,1.

101166 54, 17.

1661661111,45 22. -is 163, 5.

1661616 115,19.-66135,10.
-1616135, 15.

foramina 131, 9.

forfex 102, 8 -1616 144,19.
1719611029 103,12.105,10.

1011616419 82, 22. 133, 23.
-ae 116, 16.
161661661614511.·656144,.7
61613816. 6711716811.

161616666667814. 66166188
10. 610 66 18. 103, 27. 61
59,.6 -6,1111131 16. -d034,.3
1011111609, 13. 78, 2. 95,7. 96,

3. 111,10. 1617717. -16616 ⁶

119,19.136,15.
1611616622,19,20.

forte (6111- -133, 12. (61 -)
fortes1019. 88,1. 107, 5.
[122, 5.] -ibus 110, 9.
161116110517. 11114.-
[161,] 89, 13. 108, 20. θ61
86, 99. 101, 12. 103, 26. -6
153,2. 1111111017
1611116166 484.
1οῐ1161116110116.105,.3 119,
15. 6(6169)37 21 [616122
w ½wwooemoms
10. 109,5. 110,18.

 

