'25.

idem 8, 3 bia. idem 14, 3. V.
3.88Ἣ)8888
eadem 131, 8. earundem 151
17. 8810811187,18. 167, 10.
8110811163,17.’70,18.11’08111
36,11.60,16.80118111 49, 34.
163, 14. 68, 33. 101, 16. 008-
dem 48, 7. 80, 8. idem (pl.)
(7.1,11881311

ideo passim.

idoneus (cum 080.) 68, 4. -ο
188888881
76, 33. 78, 6. 86, 6. 113, 30.
15555555-5
155

10118167, 6, 7,10. 168, 3078, 3.

’00008Μο0’010
160, 10. 163, 3. 168, 1. primo
8808888183ι81,’1.03,1
164,16.
13118117,10.-1 111, 6. ·09
1ἓ11111111817, 30.
1381111881,8.86,14.
ignauiores ’8,0 14
1111181117ῘΝ18Ή881-8111111
18133816 0889 9, 11. 84, 8.
ignis 146, 33. ·ibus 131, 3.
1ἐο01811010104,’0”’11’6,18. 148,
0’(’11’11’1111’1”-’)”8’1’0 0001010
101181εο11708. [1388111111ὶο
010801, 29
131088818411. 81,1.
1118 136141316137,10.70,
8ω1ωΜη-1Μω
19. (10886, 10.(-8118081,
’0114 iffi J) ”18¹⁶ss 111111
141‚14.-u (·quod)18, 14
8067, 11. 60, 17. (-110) 64, ’310
77, 8 (-113)78,16. (·- uui)

Index uerborum.

83,7 et 110, 16. (·- ne) 113, 13.
888ῌ18808
147, 180148, 18. (-— ne) 1683.
·1,111883. 107, 14. 108, 015.
100,10, 14110, 1.140,.3
m',11.imfflw‚5
(-1111)38,18013,18.73,8.
(-qwm51(-q5
130, 14. 189, 4. (080.)108,13.
um 11, 1ο. 18, 8. (-811)
30, 3. 106, 11. [1301418]
(- adquam) 141, 33. 811
(- ad quam) 36, 4. (-81118)
m1055555
14 54 31 180,.1 5181.
5⁷(555m5
-,188617. 8.·11111118878
37,6. 384641416 68,3.
11’1ο.10,11.’11,3.11,’11,
ΜωΜηΜ880
16. ·os 18, 1080, 0. 63,11.
(-1111) 06,17. 78,10.(-
11168)108,380113,30. (·-
qui) 116, 3. (-11188) 130, 0.
180,17.
Illyrico 30, 1.
imaginarii 41, 3.
imagines 38, ’13. 40, 4. 41, 4

, imbri 145, 31. 168,4. -11111

5555

imbibuntur V. 11111.
imbuendi 71, 31. uide inb
imitantes 83, 13. 81130110
[130,18,]1’34,30. 10111110 0
103,4.[-8118130,17.]

1111017οἰ8118 4, 10. -8111 33, 7.
1101010880 38, 7. 48, 15. 8100
1111111187, 3. 101, 11. 136,.3
1811118818’,163 18.

1881811081 60, 13.

imparati 188, ’13. -88 106,4
8108 mp.
18811111843-116301100
inp.

 

