28

71, 7. 86, 3. - 11666611 op·,

1616 72, 6.
1666611617, 13. 9, 19. 13, 3.
16, 7. 21, 8. 23,16, (1166-

ψ) 2324. 26,1,10. 27,8. nidore V.L.147,.u

μΜΜΜ666
16. 72,18. 76,17. 81,18.
εΗ.μΜΜ66
16.146,3. -6111(116116166
Ἣ161ΜΜ666
11.87,12. 133, 12. 160, 10,
. 11.·-616 (-1161161111)43,17.
616Μ666
69, 3. (pro - 1611111733.
mmmmnjfflm’m
1mmfflfflQs-m
1111186, 22. -uium 149, 17.

nectentur 82, 7. -61611 149,7 7.
nexum 73, 24.

necubi 27, 12.
negassem 33, 15.

neglegens 7, 9. 6166116416.
1111118611.

1681686116137, 18. -111127,
5. 30, 2.

168168611111 148,.3. -6 22, 6.
-66 73,.4 147, 20. -,61136 13.
78, 16. 114, 6.

1180616 63, 17. -11 104, 10.

16861161611111168,16.

16116 passim. 11- 92, 8.

neque poesim Neque enim 9,
41416.29,.867,.369,17.
166,14.

nequo- neque4, 3. (antece-
dente nihil) 25, 1 96, 19, 26.
166, 6. neque- neque—
nequs 11666611116 nihil 17,
12. 1168161611111-611619

nequeamus 92,18. -611110,
13. inerint 133.

16111111134,16. 143,13.

1611611111 16, 17. 134,12. 136,
3. 144, 3.

11616167,16.

16161611 112 8 [124, 9.] -o

 

Index uerborum.

(-116116116) 8, 5. (- qu5
1661666611
1666666ω1
161) 160, 9.

11111113, 9,13. 17,12.26,2.
666Μ66)66,
1Μ66(ΜΜ
666Μ66Μ-6
6ΜΜ611Μ61
66Ἣ)61ω16
118, 4. 124, 13. 133, 6. 194, 1
16.163,.9 163, 14. -11111111-
lieo 11111111116171, 13.
nihilominus 71, 21. 136, 16.
nimbos 166, 3.
666,6-16161
81· -1,666 16. -66, 15.
111111111[4617.]66,4.106,13.
1161614. 1617833 53,
11611Μ 66)
11611616-)’121,8.124,6.]

134,16. 11116. 61111.1111111.
13,16.37,2. 69,8,17. 82 ¹
10. 86, 16. 102, 13. 167, 3.
133, 9. 147, 13.- -6111111111
11113. 92,.4 [(-11111
122, 9.]- 1. coni. plsqpf.
u,’nwmeestm)
66Μ1

1161722 1-11196,14. -11111
14210.

1181111 45, 5.

11161 17, 14

niues 68, 19. 68, 2. -1611 14,
21. 68,16. 168, 4.

nobilissimi 124,16.
nobilitate 12412.

16666177,16.97,3.[61111161.
120, 13.] 1111179 4 921
(noceantur 125, 4) -616 92,
11. -6136,18. 6611117622.
111 V. 111, 14.

noctu 112, 21. 114, 19 146,18.
1166111161 86, 9. -192, 11 ·is
86,3.- 2ο6,.7 ·.6,11474

