210 Index 1131601111.

45, 3. 51, 18. 58, 13. 31, 30. libenter (-1101131)11.
66, 24. 69, 4, 22. 60, 16. 61,.8 (- 3111116) 111,10.
·ο111317,9.’38,6.89,12,16. 1160116613. 6113122116,
40, 17 42, 12’, 15 43, 20. 81818.33,.692,1’9.93,.1
u,mw.5mmm Μ3Μηωη3
63, 6. 66, 21 66114μο11134, 12, 26. 13, 8. 41, 16. 64,16.
12 -1111899,7. 40, 14 43,1, 11631 103, 9. 136,17. -310
56565’mom Μ,

44, 6. 46, 18. 62, 1. 66, 22. libere 135, 7,

31133292. 23, 8. 36, 3, 13, liberet 119,14. 3131426
16. 37, 5. 38,3’,.6 43:1519 ·,551415 91

828 ’,887 654 ’.88 1⁵· 11131131 30 11. ate 59 30
98,12.118,2.156,15.-onum 11505055, 155, 1ο,

9, 16. 23, 26. 36,’6. 36,17. 11515113(-39.19)68,11.
65, 19. 99, 13. 01116119 20, 9. libramento 143, 6.

86, 8. 36, 4, 16. 41, 2. 63’,.1 lim-1141, 14

55, 22. 72, ’8. 76, 11. 84, ’13115555 21,5,

legionarii (30111633) 34, 11 et liburna 161, 4. 33 161, 7,20.
66,19.72,3.-13116,.2-01·11111 162,12.163,11. 164,11. 3111 ;
(equitum-6 44,4. 03130131- 133, 1. ·arum 34, 14' 161, 20.
639 -,)36 10. 163, 19. 164, 4. -19 161,3.
legitima 26, 16164, 1. -ο 163,16. 168, ’12. 162, 18, ’21.

27, 20. 1116311113 161, 18.
1311161196, 3. 616111101111161, 14, 16.
leporibus 146, 9. 113316· nam 147, 90.

136313 19, 13. licere 111, 29.] -3136 359,
13331631’ 141, 4. 363 fuerit 1441(- 311) 6, 1 (-. 9106.

281836113162313, 3311111) 22,1. (-3013131)

1336010613 166, 9. 108, 4. (-’ prosit) 11319.
1331013 13, 29. -311 83, 6. (-115131611) 169, 16.- 06
-ibus 66, 91. 93, 18. 101, 20. solute (ut (13311113) 2316.
137, 21. 44, 9. 104,17. [111, 20.]’
1311169, 6. 23, 20. 36, 6. 49, ligatur 98, 22. ligata 3311
16. 61, 2, 11.’ 98, 10. 113, 2. 166, 5.
31110-31136,9.10911 115113313143,3
[123,1.]-177,11.89,9.118551158515
102,21.109,16’113,4.116,1131151515,’11,15,6.190,18.
8. ’,117 13. 1321916119 89, 7. -13 18, 10. 145, 93l
101, 14. hgnum 541 82,15.'84,11.
1311316133 81, 6. -i81, 5. ’01329 1411. -8
leuiter 114, 4. 44,17 133,18.’163,.3 31111
131(31118)97.18.1310 25, 15. 03 ’.3 1311. 130
167,.1 135161133,’10.90,18.131353 195'21 13511.
11631133131111113107,22.189,1.’1,40 12. 146, 20.
libello 6,10. -um 29, 6. ligon'es 26, 92. 61, 1.
94, 1. linea (sub -) 26, 17.

 

