Index uerborum.

nolit 71, 4. -uerunt 130, 6.
-11110111 93, 7.
nomen (η dedere militine) 7,
00100000
90. 66, 22. 71,16. 128,10,
000000000
000000
nominabant 98, 7. 99, 6101, ,
00000000
000οΜμο0
43,10. -1111111 47, 7, 19. -111111
00
ΜΜΜΜΜο1
1101100111·ος in finali enuntiato
94,6. 144,16. in 01111100 11100-
1101071, 16. 89,19.110111110110-
ned 90, 3. non qno 6, 7. 168, 10.
1011011111-10110110111001110
1011010111 -1000116,4. 139,
171101110111111 — 101196, 9.
71,. 139, 17. 147, 10. non
nolum - 00111111 etiam 42, 13.
60,6. 169, 6. non solnm -
1011111176, 18. non 11111 -
00000000
11, 1. 00, 0 11, 11. 011.
111, 19. 198,17. non 1011111111
-1160110111 6,13. 8, 11.
00010000
00000000
00000000
tntum - 101 016, 18. 11011
tantum —— sed 67, 6.

101140, 7. -6 60, 7.
nonan 167, 10.
nondum 9, 9. 116, 3.

10110099, 11, 19.

1011011138, 6.

norunt 01111 110110.

101000) 19, 96. 000. 6, 91.
0100οΗῌ10
90. 80, 6, (1-)89,19. 87,
1. (n -) 99, 18 et 96, 16.
00000000
90000
noscerentur 46, 18.

2OE

110110 79, 14. 87, 20. 96, 8.
00401οΜ0
16. 1010111137,1. noueris
000000400
-0101116, 90. -111, 7. 86, 9.
ομ000]

10110188, 3. 0180, 3. (pl.)
01101οω00
nam (ε yon. nbi.) 17, 16.
-11 91, 10.-1116, 19. -rorum

86,16. -ros 73, 90. -rum 97, 6. ,

1000
0611111111 63, 6.
110111113018.
1161111 166, 9, (albus -) 10.
noun 46, 8. 69,16. 190, 3. -01
100300000.
00000
1100011111 69, 18.
000000000
0000
Nouembres 167, 6. 168, 2. -bri
00
0000000
nox 168, 3. 10011189, 8. 83, 6.
146, 17. per -01011174,17.
79, 91. 141, 91. 146,10. 1714,
7. -010 79, 91. 147, 16. -0101
96, 3. 99, 17. -n1ibus 68, 9.
010000

10000000
mnu
0000000
nudare 109, 7. -nri 87,18. -0101
mmmmm&

nullus (== nemo) 8, 100119,
000000010
0000000
000101000,
1ομ10000]
00000000

00000000
οω100000
100000000
1. -is 7, 94 (0111 uide m).
71, 171.

 

