Index uerborum.

manicis 23, 10.

manifesta 56,18. -0 140, 8.
-um 555 cum 5555501 inf. 5,
155μ55μ5
manipulus 47, 7, 10.

Manlius uid} 11511 Manlii
uide Μ511.

mansione 104, 9. -511182, 9.
[Mantuanus auctor 10, 9.]
51511115(015“115155)59, 18. 114,
55ω555η5
155555511155511198, 19. 142, 7.
555555915155 50, 2. 144, 7.
marcidus 94, 21.
mmmmm‚w.mw5]
. mwtmnmmsss
156,14. -i 59,1. 199,17.
1 55ω55555,
20 164, 5. -15 34,·15. 156,5.

1115111115 199, 9. 154, 4
1151111555, 13.

maritima 136, 5.

11511515 135, 7.

marmoreae 145, 1.

Marsos 29, 10.

Marte (aperto -,)79 3.(115-
51155--> 93,15 et 119,19
et 163 19. -em 99,16. -15
(505551 -,)93 21.

11555155 158, 2

Μ5151115 55105 29, 9. ·11 ope-
115 64, 14. -0 50511 10,13.
-0111(551115551-)15,1.
matellas V. L. 132, 3.

³ 11555115 197, 8. 144, 16.
materies 44, 15. 61, 2. 152, 13.
-511171, 94.

matres 19, 8.

ᾗ 1155155155 (5519.) 27, 18. 55

, 40191536 11.38, 17.
’ matronae 1363

Μ555105556111190, 4. -05 20,.7
mattiobarbulis 98, 9. -0519,
,555
maturi 98, 1.

26

maturiora 37, 9.
maturius 66, 14. 69, 13.
mmwmwm
maxima (pl.) 1³4, 22. 511149,
92. 54,16. 73,18. 90,17.
145, 19. -155, 11. 0-23,6
51111699. 104, 1.
15511555(551-)5115.10,10.
w)ffltdffl‚n6
15515,5ωωὴ
Qu
5555555.
maximis (55551.) 89, 19.
1115111111151175550.
1115511164,16.
meatus 161, 7.
1155555551391651514916.
mechanici 141, 20.
1551115(- 0515056151111) 27, 1.
(55155) 109,15. 164, 1. -5
5515 39, 20 48, 20. 103, 8.
110, 4. -am 5515111506. 109,
6, 9 (partem) 139, 22. -55
(ρ51505)10217-1559,4. -o
147,15. 165, 3. -0111 118, 6

11156151 44, 13. -orum 68, 8. -05
Qu

1553151115 71, 10.· 110, 11. -1
55555 ’
medietate 149, 6. (pro -)
15561051155544,10.
mediocritatem 1115511164, 16.
mediocriter 96, 4
meditabantur 58,11. -tanti
2219 5511469. -,551150158,9
1156155510 21,10.-011511128,17.
-0,.11569 19, 6. 91, 3. 98,.7
57, 8. 59,10,21. -0111111113, 12.

medium (proferatur 111 ·-)
5, 5. (51555 -) 102,1.(551

-)80, 16 98, 22. 111 medio
40, 8. 77, 4. 101, 1. 106, 11.
110, 19 188, 11. 1151115510
1115110517,3. 82, 11. 109, 5.

 

