196

Index uerborum.

sunt 32, 8. 1001011 0110 23, 18. fatigatione 07, 21. 135, 2. -em

factae fuerint 138, 7. 100101
00013010. 100101 001 85, 8.

80, 11.
10001114, 4.

10010 100, 14. 140,10. quo 10000101501.
10010201. 101,10. 105,12. 10001001 59, 10.
0000οΜ000οΜυο010

10010 78, 21. factum 109, 22.

13. -110 02, 14.

100110 20, 10. 99, 2. [facturus felicius 17, 12.

010 124, 1.] 1001010039, 4. 79,10.
00000000
100110 (adu.) 10,10. 24, 7. 29,

. 7. 01,10. 02,12. 71, 2. 70,

00000000
10. 131,12. 132, 1.
1011011]0(]1]71.)20,23. -00 (0001-)
0000000.
10011100 (adu.) 14, 5. 28, 8. 40,
18. 00, 16. 100, 4. 111,17.
ομ00000
&mmmm
10011033, 7.

]100111001000 21, 11.]
0001101010 114, 11.

10101100 140, 16. -00 140, 13.
10100100 110, 1. 001104.
totlitur [10, 1.] 100, 10.
0000000
0000000

1Μο000

fames 66, 9. 0 0 -6 00, 00.
[0000000
01

1001010100 39, 1.

famulus 34, 2.

100000 58, 5. 80, 24. 01, 3.
fasciculam 59, 23.

fastidium 04, 17.

fastidiunt 12, 6.

mmmm

mmffim
fatigarentur 94, 0. -igat 00,
13. 132,13. -ignti 1001 103,
13. -igntis 104, 0. 1ςο100 91,
17. 1001011194, 19.

feminae 130, 0. -arum 134,11.

fenestris 140, t.

10101010 128, 9.

ferentarii 23, 21. 49, 10. 51,1.
[10 121, 21] -00 30, 9. 98,
100 ‚
feriat 137, 10. 1011011111 57, 9.
οω000000
0000000

1010010119, 19.
1010010010ἰο 07, 5.
1011000010 44, 15. -10 01, 4.
83, 8. -01010 09, 23. ¹
ferrarios 11, 4. 40, 4.
10110100 141, 17. -10 104, 11.
10110 7, 13, 10. 23, 3. 101101
05, 4. ferri 74, 5. ferunt 41, 4.
-0111111 40, 3. 1010110102, 14.

1011000 51, 7. -000 23, 11. 00,
00000001
1010000000
001 .

mmmmmnmst,
0000000,
1000000000
001000[001
000101010000.
0000

festina 108, 13. -10001 37, t.
·inantibns 78, 15. -11101158,
12. -010 115, 2.

festinanter 81, 9.

100110 diebus 54, 0.
001010. 11011 13, 10. 38, 13. ¹
00000000
8. 37, 0. 100, 4. 106, 8. 111,
00000001
Μο0001

 

