Index uerborum. 243

sortiuntur 163,13. -11116661 petum possunt -) 50, 9. 74,
156, 2. 2. 103, 7. 166, 10.· 61193,
spargere 1002 [121 16]-11111 7.]16,14.616161611123,19.

80, 21. -sis 104, 8. -erit 35, 6.

spathas 49, 6. 98, 17. 61611111 12, 7. 17,19. 27, 16.
spatium 3,4. 13, 22. 62, 2. 102, 19. 106, 3. 159,15.1,12
82, 23. 97, 17, 20. 118, 5. 14.[123,15.] 137,3. 141,15.
149,11. -ο 27, 21. 9419. 142, 18. 163, 4. 166, 6.
106, 10. -627,13. statio 163, 16

speeies (einp.) 144, 6. 160,11. 61611116(-.-666116)83,14.
(annonariae —) 69, 12. (666.) 6161116111 82, 3.

132, 9611627. ·e(in—- —-) 61616161, 12.

12,13. -6111139, 9. (ad —) 61611116 41, 16. ae 9, 20, 63, 3.
146,11.-611111186,14. 166111111111 169, 4.

spectaculo 158, 7. 611116 80, 22.
,peceare 66, 3, ,ato-1, 7, stipendia 57 6. -16 11,18. 36,

specu 145, 15. 22. 5515.
speculandi 15413151111101112915.

ζξξξξξξξοέὅψ· ⁰⁵ ¹¹3’ ²⁰· 11111111 s5i414 -ina 44, 17.

sp eoulo 161), 1. mlgffi [ἐξ. Ξ

6116111666. -is 105, 14. -os
5,11. 6616. 101,s. -um
6, 15.

strenuissime 20, 5.
strenuissimi 12, 14. -os 110, 19.
strepitu 135, 16.

strictim 37, 17.

structores 45, 4.

studere 103, 23.

studia4, 1. 64, 8. -ο,66 14.
134,13. 1542. -0111111 129,1.
61661666 21, 6. 82, 19.
spiritu 73 4 studiosius 69, 12 68, 20. 76, 3.

Spmfflm (mcum ) 33 19. studiosissimel32, 15.
splendeant 48, 1, ' stupentibus 94, 17. 136, 17.
splendor 48, 10. -016 160,9. 8111991 153, 3· '5⁵ 14⁰ ¹8·
spolia 119, 5. 6116 pi. 704. 98, 16. [123,15.]
spontaneum 34, 4. 6 48, 6. 66, 7. 106, 16. 110,
sponte 5, 8. (6116 -) 166,6. 3. 111, 10. [,123 6.] 166, 6.
15511551,5.15o,15.151,e 55525.15o,1o.am519
5545 5o,1e. 51, 7. -ando 54,15.' 54,1o'.109,5.1’15, ,
66, 4. -511 16613. -55551 17, 19. 148, 6. 161, 5. -5145,
23, 15. 100, 4. -16116 98, 11. 8. 63, 13. 66, 20. 59,11. -1
-are 55, 17. (61116 quarum im· 34, 6. 91, 12. -16 46, 2, 16.

16*

sperabant 140,5. -sndum 118,
18. 611169 '21. 72,17. -ante
109, 1. [6161229] -611
50, 12. 6166, 15. -ar 61,
13 132, 11, ·6111194,2. ·6111
spei 99,11 V. L. 86, 9. [124,
41141, 4 (11.) 666 -ei
111, 9. -6111 136, 15.
siiilimssi', 10141, iiiiii
16. -is 24, 11. 97, 13.144,8.
spiramine 166, 9.161,2

 

