⁴ Index uerborum. 211
lmmm,6. lmm66wum.
1111199999 11, 2. 966, 7. 94, 6. -1691 10,15.
linum 149, 6. -1 149, 8. -0 164,17.
’99, 9, longissime 108, 16. 109, 24.
lips 166, 12. 110, 6.
liquidam 133, 16 longissimas 141, 16. -19 60, 16
liquor 136, 6 90 -os 117, 6.
lmmmmmwms6mmmam66
-9111 106 11-9111111 4, 11. longius 60, 6 78,1. (1199199
39, 10. 194, 2. 29, 6. 33, 7. sit-6 82, 16 10'0,19.101‚.6
46, 19. 46, 14. 64, 14. -99 (111 107,12. 118, 9. 143, 16. 146,
-991119119)37,12.16.14,8 1916916.

1911111111,1.-1119,1.1011119919. 98, 21.-192, 1.
litus 164, 6. 138, 2. 164, 10. -9 106, 7.
11199 16, 5 186, 2. -96 12,19. 29,19.
1999691191 23, 91. 60, 10 911146,1.99(-691119919)
9911111148, 17. 911199 1119- 20, 4938816. 91,16. 9418.
19111161, 5. 163, 12. 11111-(-91191)29,.16
19911921, 16, 109,11,12. 103, 91, 13 159, 8·
[661666166m66666
82,20.110,7,16.161,13. 6.149,16.

96, 14 96,16.61,9.96,11, 1091199919 ae(pl)60, 1
ΜΜΜΗ19699Μ99999999

1

106,12.197,8.148,19.11-111 811 87,4. 101, 6. [-1919,

w666ww6
x666616166
amsnmom‚6

1661191199 46, 10.
1911991111 483 ·i69,.9 101,.6

141, 22. 142, 3ο ·,.9142 42, 2. 162,11.·19102,29 -6989,

76, 8, 20. 79,8. 84, 19. 86, 16. 14.[46,18.]49,12.

8Μ9Η79999ωω66μωω
666MM.HQ6M13

M6666M466'66m2
1911 15· -0rum ⁷52 13 9οι 1119911199 141, 6.
6w666666m. 666,4
66656766m67
m666,66m1mmm‚6
6m6‚66666 fflmffi's

umwwwwffilmmnaem1m'
66666661 661

96, 4. 106, 2 111, 3. 132,8,
³. 10.144,15.

locuntur 64, 2. loquendum
6)66

longe 11, 3. 36, 8. 74, 3. 91,
19.106,10,9ο.114,11. 130,
18.163,14. uide (10

lupos 60, 20. ·um 144, 20
199911919111 84, 14. -19 166, 8
(1111911919, 10.

11119 93, 6. 141, 8.

lux 168, 3. 19911111 68, 1
luxum (per- -)64,

14*

 

