Μ

debeant 99, 16. 101,9. -et 76,
w.mwm-mmm‚w.
-ebie 109, 8. debemus 13, 1.

Index uerborum.

(1661111641,11.48,.9-ο666
4913611641 14.
6661116180, 99 ·6161,16.

6,6.6,ηω,6.μ66 mwmn

94,14.11,13.94,1.131,19.
139, 16. -616 V. L. 99, 8. 24,
11.69,.9 66,19.13,1986,

decursionem campi 66, 19.
dedecore 93, 6.
6661116666113911.-16136,16.

10. 93, 6. 100,.4 108, 9. de-¹ (16601961111619 are 1194.

661661 18, 8. 661166 96, 11, 18.
mmmmmmm
14, 18. 11, 9. 94, 91. 96, 3, 4.
66666666
mamedune
66666666
166666666
6Μ66666666
Μ1666166
mm

debellarunt V. L. 98, 19.
debilis 166, 6.

debilitaret 68, 91. -61131, 1.
-1616194, 10.

decenus 41, 6. -61 43, 10.

666666666

16666μη666

nn. ,

deeem 61666166( 84, 9.

decem 611116 98, 19. 66, 99.
decem milium 100, 6.

decempeda 149, 11. -66149,
13. -1184, 6.

666614, 4. 89,19.

(1661661 146,

decimarent -66143, 13. 66,19.

666161616110, 90. -61680, 10.
-116166,10.116,9.-6661661
114,13.

66616166666119, 8. -etis 166,
6664661666
66ω6666

declinanda 10,16. -ent 93, 6.
-61661 11, 9. -are 111, 19.
-urunt 96, 1. -66 119, 9.

decdre 136, 1. 160, 9.

66661661 194, 19.

66666666 porte 96, 1.

(166166199,46661661,3-61·
66614418. 68,16. 6666146,
66666666
-eunt 16, 11. -16611196, 13.
-fuerinr ree, 1. -fuit 111, 10.
defendent 106, 6. -6616116, 19.
66ω66ω66
dendus 19, 19. 6619919.
-an 149, 16. -16661161109,16.
-166666160, 1. -untur 46,1.
-1666616 199,16. 143,11. [149,
1166616ω6
-fendebuntur V. L. 119,4.
defensio 11, 13. -oue 6918.
199, 8. -66661113, 17. -6111
78, 11. 99, 6. -onum 1391.

defensores 81, 18. 138,14. 140,
emfflnfflnnm

666616616130, 4. 6616116614.
10, 11, -166169, 16. -16616661
ᾗ nguentum esset) 64, 91.

deligebantur (- 16161166) 16,
666666
definiri 13, 99. -116186, 8. dunt
defit 190, 6.

6611661616 9, 11.

defoditur 146, 13.

6616116616 136, 6.
defricentur 48, 1.
6686661661199, 8.

degentes 86, 99, -1666 41, 6.
66111664, 1.

deiectae fuerint 163, 3.
6616668,19.16,16.11,16. 90,
90. 99, 8 96, 13. 36, 91. (61-
166 661666) 64, 13. 69,6.11,

 

