Index uerborum.

K

1101011100011.) 163,.2 kal. 167,
K}5rtirssn{inienees 102,4 4-1000.
, .

L
labe 152, 16.
labentia 194, 6.

labor 6, 2. 19,17. 67, 6. 73,1.
-10 69, 3. 68, 21. 71, 7. 129,

rmunfflmaa

effineasmem
40101000
rummandum,
mmfflmum,m
-111117,11. . .
laborantibus 84,10. 104, 8110,
4 0107 16. ·,01231. 199,
16.[-0110111121,2.]
laby 11111 1110 76, 12
Laeedaemonii 12, 24. 00, 2.
-iis 64, 4. ·orum 64,18. ·os
munemne
1000111 162, 3. -10 18, 7. ’
lacessere 160, 13.
Lacones 102, 4.
100111111010.
mmmmm
laenis 160, 4.
laeua 0110 dextra laeuaque.
laeuiganeur 1346,
1000000148,16.·00117, 14.

·ebantur

·is97,13.

lanternis 141, 9.

lupide 19, 9 ·es19,4, 11. 60,
2. 71, 17. 98, 20. 137, 12.
144, 3. -ibus 19, 20. 68, 6.
99,4. 118, 2. 131, 1. 132 3
139,1.141,6 14211019
14.· ·um 161, 21. 162, 14.

lapideas 139, 16. -181, 9.
lapidosis 19, 18.
lapsu139,16.

Vuuusms.

M

laqueis 116, 12. 144,17.
largoss, 22.

lanae V. L. 162, 4.
laridum192,18.
ummmmm-aeQ

19. ·um 96, 4.
lassitudinem 16, 3.
labeant 164, 8. -0111111110 161,16.
Retenta 129, 16.]

‘teris 83, 11.-11110 141,.6.
Latina 166, 3.
[160111οω1134 6.]

10110180, 13. 106, 7.’ ·a 83, 3.
es91,4. 11716 163,.8 -ibus

26, 2i.81,17.·us11,9 12.

[11111110( (ada.) 121, 16.]
latissimae 13111-11111166,.2
latitudo 199, 1211110 82, 22.
mmm'e

101110 83, 10. ·a 26,14,16,20.
83, 13. 198, 3. -ae 139,14.
01118319. -010, 14.

iu 10111111 97, 19. 100, 3, 6.
1611101616.[010123,9.]-010
24,14.67,16.101,8.138,.3

-eribus 16,6. ⁹ 77, 7.107,1.
110,2.130,12.

laudabiliores 72, 21. -us 17, 12.
laudandos 64, 12. -abur 46, 6.
-010 001 111, 11. 0000 lauda-
mmm

laude 46, 3. 69, 17. ·em 42, 6.
laxamento 78, 9.
laxant 142, 18. -011127, 13.
1001100111 94, 17. ·is 77, 11.
mammam&
1001001114
bgmffl,uwofflm
legebant 786 01011112323.
-01101111 462. -011116,10.7,.1
8,16.30,11. -011100 46,16.
·mffl,wffibffl,8.-a
12,2.1ος1140,23.100111069,
18.-01103813.
1031036, 6. 36,7. 38, 16. 40, 11.

14

 

