, -6661666616666 7619. 101,

¹Index uerborum 217

1111111(61.),73 11117441 ,1166189118911

-,61661118 9. 616 74, 14 616161616316.167,11. -16
666661616116666169 1664616618.
66161166, 9 169,1. [-116 nauis 166, 6 -616161,.1 163,

’ 113, 19.]-1111111136, 1411111- 6.164, 16. -96 161,16,19.

1166116916.164,4,6.161,19.’ζ164 13.
6611116116 69, 9. -1661 161, 19. 164, 4. 161, 7.
mutuo 136, 14. 166, 4. -ibus 166, 1. 16113.

nautae 164, 6. 16616. 166, 9.
N. 6166 161, 9. -96 166, 16.

4444 ΝΜ, ⁶6⁴· 404, 4,, 164, 16.

namque praepositiuum 19 6 Ἓξ, ,11591 4⁸ 11 1⁶⁸ 10

7 161, 48 166, 4 154 11¹ 66 6666611466 6666611616,
166, 46 illud, 1116, obseruandum, ui-

1 61666161 97, 4. nascentes 169, ΜΨ ⁰²⁶ menum ¹¹⁰

6. -66666164 16 ,,4, 12¹ 11111166 1666111 84,7. 66116 116,

4616 69, 6. 166, 6 61666 111 ²¹⁰

66661616. natae 118, 18. ne* (11111ΘῘῙΙ ⁸⁹ ⁷· .
4661444458, 6 6666166166. 66966616166179

natandi 4,.1116,6 6061, ⁹“moed09‘011111116112111396
6. 44444 44, 5 71’¹ 23 natam’ 1'61 16661116 6616111616 16319.
8‚.1-9re1'4,66.69, 1 1¹⁰⁰ ·· 19⁰⁵, 1, 6. 51, 15.

¹ 66116 91, 4. 114, 19. -,66666 5³ ¹⁶2 ¹⁷· ⁶⁰1829· ⁶⁸2 4·

4, 4,, 44 11'6, 4 ,,8, ,1 66, 19. 110, 6. 11616. [166,

onibus’ 6, 16. 6616. 166, 6. 4·] 14⁸2 61. 1¹⁸0 - nec -
61116661 169, 7. 66636, 18.n66— 6176, 9.

“ 661616(161616-)36,17. 110, 11716· 13⁰⁹ ²⁰· (1η fmal·

16166, 6. 16611. 164, 14. {ss'ffeffefflm ¹4⁷4‘tl51³¹49¹{
,4,,1161616 1⁶⁶‚⁷··² 66, 60 66, 69 161616
66161111 130,1. ·i⁸ (9006) ῗέίίἔέοξζωὶωο) 71 n w
16414.

, naturaliter 66, 61. 96, 16. necdum ,9, 18·

, nauali, 150 ’5 161: 6ο. 6666616116 6619. 116,10.

. 161, 16. 1616. -1161,9. necessarius 74, 14. 81, 16. -6
Ὶ1616116.-11166(111)116--) (6619161. 90, 6. 6061.)
ζ 166, 14’. 66, 6. 61, 6.- [161, 16.] 166,
j nauarchis 161, 18. -66 161,8. Ι19. -16 133, 3. -199, 19. -16
l naufragium 16611. 6,]1.-6634,16. -66116, 1.
3 16666116661616 46, 11.

. nauigandi 164, 16. 66166166, 6666166 661- 611614. 14,

1

16, -66116661,63 9.169,14.18.64m 646. 9669 inf. 1116.

6158,11.961m6911616l‚16. 66, 60. 66, 66. 66, 19. 6610.
nauigatio 167, 4, 6. ·0ni6 168, 66, 17. 111, 7. 6666616611-
16661611. 166146. - 61161666.

 

