Index uerborum.

1661616160, 6,

resilire 68,1,

166116 141, 18 163, 6.

resistendi 117, 1. -616611 (ud
-)uudmrrm

tibus 109,18. -616 146, 8.
·esV.L. 108 4 -188,,6
-16 1084. 4-1611 106, 6. -iti-
66116119, 16 -661616166147,7,

resoluitur 114,6,

respicit 26, 3.

respondebitur 98, 10. -616 (-
66) 87, 83.

“ respublica 69, 18. 67, 8. 161-

666116666, 9. 11, 6. 34, 16.

37,14.68,16,90,8.186,4,

3 188,16.161161611661183,6,

, 37, 11 38, 11. republica 17,

Ὶ1166661116,

restinguat 131, 10.

restituat 52, 16.

16661666 161, 8. -dent 78, 19.

reticendum 166, 9.

retineant 90, 6. -666 47, 80.
-6666643,88’.-616111160, 18.
-616 33, 8. -6611 89, 21.
1168. 6611161464. -uerunt

16616 118, 18.

’ retrocedit 137, 15.

16161616161117,18,

166616666161161, 6. -imur 66,

3Qmmk

1616666616 118, 18, cuntur

85, 6. --6616 98, 17. -carent

64, 8. -6611118,10. -uretur

{nmumum

1 1611 116, 6. -3111 66, 3.

7 rheuma 161, 4.168,14. -6616

t 16666161111141,18.

ζ 1111166163, 8

116661111618.

1 71113181, 12.

. robigo 168, 8 -116 48, 11.

roborure6, 1. crentur 36, 3.

67

robur6, 13 7, 81. 8, 6. 18,
10. 18,7. 36, 19, 63, 4. 87, 2.
164, 3.

1661116189, 7.

Romanus 1661) 160, 9. 66,
16. 36,6. 36,.16 664.
38,.66613611-6,9.11,
8,13,.119,,189,18.(’61)36,
8161, 17 -11116, 14 668
116, 17, 147,.6 ·ο39, 11. 67,
10.-6111167, 14, 116, 9.
6ω6666666
66666166
-iste, 7. -66 7, 22. 16,18,
astutum
1066116168,8.163,14.

rotae 134, 3. 139, 16. ·16
16661647, 17.-61116810.
muliercule

1661166 88, 80. 133,19, -16
118,1.

rotundus 106, 8,
11616111616160,8.Ι
11161667,

ruinam 146, 80.

rumpas 108,80. 110, 81. -66
103,18.-6661 108, 8. -616
6Μ61666Μ,6
-1116116, 4.

11116 (66 -1 7, 13.
ωω6661ωωη
141, 3 166, 8. 168, 8,
111616 47, 4, 66,18. 66, 13.
umnmu

rusticum 7, 8. -0 7, 17,
rusticitas 76, 7.

Ι116116 160, 6. .

11616 V. L. 26, 22. 61, 1.

8

succus 64, 19. -1 64, 17. -ο 66,
1. -os 62, 13.
66616114680.
6661616166 37, 8. 38, 18. -6

 

