Iudex uerborum.

66161113713.164,7.661(11-

derunt V. L. 95, 3.
perennes 136, 10.

perennitas V. L. 33,17. 63,
16. -alis 33, 17.

66ἔ641111217, 19. -161111116, 10.

66116616 36, 13. -i46, 3. 89, 6.
6611661116 8, 11.

perficitur 130, 14. -fecto (fue-
rint -) 84, 9. -16616661111
138,17.
perfidiae 76, 4
66116161164,16. 6161111463
perfossis 46, 16.
6616111114, 4 74, 7.
perhibetur 76, 13. 143, 13.
perhorrescunt 91, 14.
661161116116111133,10.
periculose 168, 9. periculosius
periculosius (udi.) 113, 6.
153, 6.
periculosum 109, 6.
661161111113, 17. 79,13.86, 13.
94,3. 107,3. 111,16. 113 4.
[111, 1.] 16616 141, 11
163 3 13315 796 0
,136,13. 6116 ·661,13.60,19.
[616 -ο 76, 33,] -,614 34.
periment 163,3. -untur 146,
1116414. -11111146, 18.
148, 7. -111111163,9.[661-
66611111, 16.]
perite 19, 7. 47, 16.
66111618, 7. 63, 5. 66,16.
,5 16’1,19.-1’1oe4‚8. 94,
3.16,916. 61113417.
. peritissime 33, 3.
peritissimus 45, 1. ·i166, 3.
, 661111 68, 13 (-611161111)

ξὲ6,59.113,4.1614830-06

periuriis 70, 30.
¹ perlustrent 76, 31.

, 71611116.

335

661116161686, 1. 613618.
1111161133, 37. 38, 9.
permisit 36, 17.
permixtionibus 67, 13.
permixto 136, 16.

pffiicges, 113, 14. -em 93, 6.

perniciose 119, 9. -16 68, 6
perniciosissimus 69, 1.

66121661666813116616611111

perquirere 76, 31

661111166111137, 16. 616164,
311347 -11111100, 15.
-116116140, 14. ru-pto 140, 30.

Ρ26Ξ6613134, 18. -ee 99, 13 -16

6616 scribom 86,16. -6611616
persecuntur 98,14 persequen-
11136,13.114,13.[16111743]
persecutores V. L. 70, 1.
perstringenda 13, 6.- stringit
V. L. 14, 11.

6616161161(- ut) 133, 8. --sue
661117319.

pertemptandos 13, 8.

perterrebit 119, 7. -territos
1228115676111141175161,
6-,ebet43 11. -ens 11, 3.
entes 41 13. ent 43 3. -61
48, 14 6111611 6611116116666

87, 19. quod ed— pertinet
153, 10.

pertrahunt 81, 3.
66111111 166, 11.
perturbatione (sino- -,)97 8.

616ἱὲ6621111, 78, 17. -16661611

6611611611681.83,19.107,
13. 108,17.16610718. 109,
1. 16173 31 80,3-11636,
30 43,.8 1161116018. -iri
30, 13. -11 (Minor tribunus-
ex labore) 40, 31. 66,16,19.

16

 

