W

66666666
16666

uibrandir 24, 11. -615 145, 2.
nicatius 43, 22. -i 41, 6. 78,
18. -011111171,11.-1172,9.
101, 23.

uice (pro —) 164,13. ad
uicem 98, 2. 131, 2. uices
uicenos 159,17. -5m (qen.)
130,15.

uicesimam secundam 152,11.
uicinitate 141, 18.

uicinus 25, 17. 71, 22. -i 119,
14. -ae 6, 16. -ο 25, 14. 89,
15. -um 15, 1.

uicissim 58, 11.

, 16151146 12.

uictor 119, 8. -em 11, 16.
66666666666
66

1151511650, 13. 59,14. 73,16.
111, 1. 120, 10. -ae (-sum·
6666Μ166.
666666Μ6,
66666666
66666666
66666666
6ῌΜ66666,
6666666μ66
66666

uirtus 69, 10. 87, 9. -111 192,
14. 133,13. -11111 69, 22. 80,9.
-117, 16.

uideat 16,17. -emus 5,13.
6Μμ66666
-entes 104, 19. ·ere 96, 4.
112, 16. 615616. [uideris
122, 9.] -derunt 91, 13. ¹

uideantur 5, 8. 12, 12. 25, 5.
66666666
9,.5 3516. 55,.9 59,.4
72, 13. 88, 6. 92, 21. 115 9
119,7. 141, 11. 152, 6. 153,
14. 159, 8. -ebatur 39,14.
45,12.85,1.-651111133,7.

Index uerborum.-

-ebuntur 11, 2. -entur 20,
11. 49, 19. 103, 26. 6161111
24, 2. 53, 18. -eri 22, 6. 33,
16. -etur 8, 5. V. L. 9, 5.
66666666
20. 74, 13. 82, 1. 90, 11.

61ἷ61ἑὶ5131,92, 20. uigui152,

uigilans 47, 18 89, 9 -antes
85,1. 6111111111 10,13. -are
85,3.[-6116111121,1.]
uigiles 146, 21.
uigiliae 85, 2, 4. -arum 43, 24.
66666666
6666
uiginti milibus 67, 3. - et
quod excurrit annorum 30‚5.
66666]
uilius 30, 12. .
1111111110 15, 9. 138, 4, 10. 139,
1111156561 51, 13. endi 125, 3.
-endos 69, 21. -ere 59, 2.3
6111111111 50 11. -15, 21. -11
87, 10. 109, 15.-1111111616.
[122, 1, 14.] 161, 10. -untur
61666666
-eerant 101, 12. -ceri1 118,
666666666-
tus 1116115 109, 8. 11. fuisset
166Μ66661
Qu
uinctus 81, 9.
uindicandum 150, 14. -are 6, 3.
6ω6ωῌ666
6. -e190, 18.
uineae 137, 6. -as 61, 5.
137, 20.
6ω66ῌ666
uiolenta 136, 11.
uiolentior 80, 12.
11111161111139ῌ7.
1111152, 17. -11 12, 6. [34, 0.]
83, 17. 135, 4. -os 39, 10.
40, 7. 43, 18. 54, 11. [122, 5]
147, 7. -11111 15, 17.

 

