Index uerborum. 179

circulo 73, 23. clamor 103,19. -is 103, 22. ·c
circumciditur 83, 8. untur 77, 19. 119,6.147, 6. -ibus
28, 11. 141, 8.

circumclusus 130, 12. 81880818146,18.

circumdat 92, 10. -dedsriut classicum 56, 7, 8. 65, 15.
111,1. 08188818. [duam 818811 188, 1811. (oen.) 84,
148, 18.] -ur 48, 8. -181,11. 18. 1814 et 8. 118, 8. 184, 8.
184,1. -em 84, 1. 188, 11. 181, 11.
circumeant 85, 8. -888107,17. -88 158, 5. ibus 84, 14. 150,
-ennc 84, 8. -ire 1881. 18. 184, 8. 181, 1.

188, 18. claua 18, 18. 8181. 18, 1.
circumfunduntur 77,13. -fnsis ·ss 15, 12.

118, 8. -furo 129, 11. caranisas. 188, 1. -is 81, 1.
¹ circumitores 85, 7. 152, 5. -88 134, 8. 152, 8.
circumsedentibus 82, 17. claudenda 77, 8. -dit 96, 24.
circumsidere 60, 20. -dunt 114,11. -duutur158,8.
circumueniautnr 104, 17. -iat -sere 130, 8. [-si 111, 20.] -81
107, 6. -181111 70, 6. 80, 2. 111, 8. 137, 3.

103,13. -irc 102,22. -ic 107, 2. claudicarit 11, 19.

cisternae 136, 1. Claudius 18,19.

citatior 18, 20. clausurae 150, 2.

, 811181814116. -88142,15. clementia 128, 15. -ao 129, 6.
, 0110 66,13. 87,13. 100,14. -81114,10,33,1.

³ Ι109, 4. clepsydram 85, 2.

citro 161, 4. . clibanarii 117, 5.

³ ciuile 92, 5. -189,10. -1812, clipeum 57, 18.

8. 88, 1. -is pars 8, 18. res 8118888,14.[188,18.]181,18.
, - 53, 8. 811888182819.

ciuitas 82, 4. 136, 5. 137, 2. clunibus 10, 16.

140, 5. 141, 10. 142, 5. -atis coactis 70, 1.

7, 20, 130, 10. 135,18. 138, coaoquabnnt 52, 13. -quari
¹ 18, 18. 18818. 141, 11. 148, 181, 11.

14 146, 7. 149, 5, 14. -ati coeperant V. L. 136, 12. -int
, 151, 10. -acem 21, 4. 52, 2. 25, 10. 38, 3. 04, 15. 131,13.
³ 81‚10. 8118. 118,11.[118,8.] -is 181, 11. 181,18. 118, 2.
¹ 134, 12. 135,19. 140, 1. 141, -11102,12. 147,13. 11111226.
¹ 16.142,10. 146, 2. 147, 22. 133,12.008])1068,1.

-ate 7, 23. 85, 12. 03, 8. 94, cofino 55, 2. -os 61, 1.

8· 147, 18. 14811. 811141. cogas 84, 18., -ac 41, 21. 181,

. 1611701185413·138113· 16. -atur 25, 23. cogebantur
12⁹, 11· 1³02 3· -acum 19. 2⁰· 18, 18. 88, 14,18. 18181 18,

8110880101.) 13812. 11401.) 80, ,endam ς, 10, ,9ῃῶ
:121 2· 131, 19· 133, 3· 21, ’1. (ad -·, 11130161·θῦ Sil-
fficium& 14. 1218. uam caedere etc.) 71, 23.
= clades (sico.) 119, 10. (pl.) 12, 98, 3. -enta 67, 6. -818 47, 21.
. 1.22,11. -818818117,8.23, 12. itur
12*

 

