m

excogitant 146, 14. -tet 52,15.
-ate sunt 119, 1.
excoluit 160, 16.
5155151683, 19.
5151515186, 9. ·is 166, 9.
excubitum 53, 10. 84, 21.
exculcetcres49,19. 61,1.
excurrunt 91, 16. -it (uiginti
et qued - annorum) 60, 5.
excusare113,19.
515111111134112. 78,3. 522,
1 464 4816 65,2. (³⁵09-
iue rei 5151111111 praebet 0.)
142,11. 161,19.-366,3. 118,
14. 124,16.ο111111112,4. -11
1ΜῌΜ5551
exerceantur 59, 6. 89, 4. -ee-
tur 11, 19. 133, 7. -ebantur
1614 215431167,,.12
ebat (15 -) 16, 2. -5616 88,
20.511(1111147-5115130,11.
(351)4623’-11[511512111.]
51651510. 5161116110.
-entur136, 18. -ere 166. 68,
555’-5Μ5’55.
5555551
-cnere (1155351515-) 16, 9.
-511115 19, 7. -5111693, 6.
exercitatio 19, 21. 22, 6. 38, 4.
44, 3. -5111148, 14. 5115516.
551515555.
-onem 124, 16.
exercitatissimi 23, 23. 78,18.
mmmmmm

515111656119,2. (part.) 16,17.

5151ΜΜ15,1.
3355515111. (part)
72,.,.276586,21. 96,.10
371 10. 101, 15. 15 28 5.14,3
16011035

exercitium 32, ,.2](- simorum)
6192w(-mffi-
6515)3010.(511115111111-)47,
5.5,15515,5
17, 5. 28,12 (- 1111165111)
301.135,1.41,12. 46,.6

Index uerborum.

124, 12. -ic (-
14. 6,1. [(cempestri -) 8,1.]
55555555
51555555
55155555
17. -15 (- 5111101111) 12, 17.
23, 6. (-51111511111) 68, 1351
55551515
555555
exercitus 151165 -661 (qen.)
5,15555355
1.5555555
5555555
15555555
115155555
55515555,
11. -61111 passim. ·,tn36 17
39,12. 73,18. 98,19. 86116.
901.3106,7.1.112211643 ,
-tibus 30, ’9. 65, 4.

515116137, 13.
5151515215.

exeunt 66, 12.143,1.148,19.
1153813. 140, 12. 16111168
4611519415.

exhauritur 37, 4.
5161656516151,10. 5116139,

armorum) 6,

9. ·eres 125, 6. -etur 67,6.

11135165169, 13. -13167, 14.
9666.666,6.
51556520,16.1151651119,16. ,
exegeritis, 17. “ ]
511315136,4.-51159,.9[-1 ¹
111 ,20.-]-11116,19.
5111151516.

exinde 107, 19.

existere 2917. -5156 47,.2 16
51116111516113, 6.
51161111146,14.

511611116315.

exordium 23 22. 166,5. 534,
6. 132, 9.

51511511160, 7.
5151615142,14.143,2.
expediam 36, 16. -156 5151515.

 

