26

Index uerborum.

oportunitas 120, 6. 147,12. ex ordinarii 40, 29. [49, 3.’] -1,141

-111 163,17.

oppidani 140, 12. 146,.3 Ι148,
8. -16 131, 1. 145, 18.

148,10.

opponendotl8, 16. ·oni 71, 10.

wwmmt.

opt610 72, 6. 87, 7. -1666, 10.

111-11293.

6111111196, 16. -os 166, 9.
optimates 87, 20.

optimo 117, 14.

optimus 88, 16. -,1101 21. 109,

17.111111069[11111231.]
-191,9, 13. -16101, 15 0

10, 15.

optiones 41, 4.

666ὼ664616
6666466,1.

6111111128, 3. 106,10. -11111
99, 14. -onem38, 6 61,10.
-6666666’6
21. 97, 9. 130, 10. 164, 2.
01016, 9. 27, 23. 69,16. 69,.4
9612’. 99,6. 105,11. -11111
43,21.111(1111(111)-1,311,
16. 27,18. (1111ι--)83,.8 97,
18111.98,12.(-)198,711
129,13. -9 85, 11. 91,12. 99,
1.61666666
6.6666666
1.Μ6Μ166
1111115318. 15119121. 98,
11. 99,11.
orientali 166, 6.
Oriente 116,19. ·em 150, 22.

mmmwmmmowm32

84,14.129,10.-91110,13,
12, 9. 145, 22. ·,61910 18. 35,

1.(tumultnario) 80, 23 et 83,
1211145, 21. 92,1. 966

5111111166,6.167,8.ο111
(1111111306 11111167 2,3. -111
11116813.

mm6m6moaafflwffi‚ss
60 21 8917 1433 .,nbus ostendendiin96, 14. -,.11167

4,4 6. 134, 10, opus est (oum

aco 1111111111.) 18,16.
opuscu106,1.13,4.

orbis 129, 10. 180, 2,4. -1129,

-issont 17, 10. -11 (pl.)18,19
(pr.) 160,2.

· ostentatione 76, 2.
otiose 71, 6.

4.-36(- terrarum 14 „ 111011113212.

1Ή1ωε6- 6,6
16.83,18.92,16.· 6111,4.

6166111461 784. -111119
89, 6. -11111111 131, 9. -11111111
104, 2. 11151121, 2. 40,.2 80,
15.83,.8 91,1,19. -91919,
20. 99,18. -91139, 16. 48, 18.
100, 9,12.101,2,104,1.118,
11. 1111119713 111,.4-11
964. 11616 111,1. 4111911111
109, 19. anons 100 51018
108, 21. 1111111117, 12.
-atiirus 96, 20. -11111 31, 19.

-111166,8.-1111132,10.
-1111111192,10.

0111111112,8.·1.,.301-ο30,.8

6,6ωυμ6,6

P.

31011166116112. 80,9.

84, 11. 1324 -125,15.10,
14. 91,11. ·,069 4.
3195111110 69, 7. 82, 15. 85, 15.

{anuto 160, 7.

1111111111 V. L. 167, 2.

Paohono 167,2.

pq-6660(uo -·)137,7.

paene 13 2. 37,.3 9616101,

11. 114,12.180,13.

paganus 69, 8.

 

