Μ

Ἥ

tabemaeula44, 11 84,16
tabula0168,6. -14 V. ’1.141,
tabulata 134, 7. [163, 9.]-1
60, 17. 80, 22. 81, 6. 187 8
mm.1memem
143, 8. 146, 23. 168, 1.
taetiea 12, 26.
taetieoa 64, 0.
4444
141444 134, 6.
1411482,10.107,10. 108, 20.
114,1.[120,12.]-4118,12.
141, 21. ·em 96,12.1,41
11. -1180, 10. -ea 12 4
-1614 49, 16.
14111419, 12.
tamdiu - quamdiu 81, 18.
tmmmmmmstm
118,16. 133, 17. tam -
44444444
(-411411) 66,19. 79,10. 103,
ame
tamen passim.
tamquam 12, 23. 16, 20. 18, 3.
44444444
4ω444444
4444ῌ1444ω.
Qu
tangerent 68, 7.
tanta 20, 20. 44, 4, 4. (pl.)
mammmmum
mmemaewmm.
-mmemmawm
6. -arum 22,11. 4466 8.
emmmme.-um,
12. -ο 12, 9. 142, 4. ·um
139, 10.
141114142816. 36,16. 64,8.
(-441411111, 2124446164
11.·ο4,12.60,6. 66,14.
94,1.96,11.111,17.148,16.
mmmmmmmm
mm
tantum (adu.) 8, 2. 12, 22.

Index uerborum.

4,44ΜΛ444
me

tardior 66, 7.
44444444
Taurus 167, 10.
tmmmjanmemma,
18. 68, 16. -14136, 3. 146, 6. ’

tegendae 131, 4. -ereutur 68,
mmmmm-mmm

tegminum 162, 10.
tegulis 68, 16
teguriola 146, 20.

telum (4141144141 maximum 0
-,ut) 689 -1118,11. .

136,18. 148, 9. -00', 11.
44444444
21 106, 8. 108,16. 111, 13.
44444444
22. 138, 4. 146, 6. 162, 16.
-14 20, 3. 23,16. 28,13. ,
136,16.
1444411187, 21.
1411141487, 22. 89, 7.
temeritatem 33, 17.
temperatioribus 7, 1.
temperaturae 13417.
temperentur 148, 20. -etur
mmmmmmma
mmme
tempestae 167, 9. -414 68, 14.
-mmffluffleau
bue 82, 16. 166, 4. 167, 11.
4444444.
temptabit 88,20. -414486,10.
92, 1. -audue 8,13. -aut 114, .
4411141168, 10. -4141 16,

6. -at (eum inf.) 116,1.
4111142117.-4462,17.--444
rint 146, 6. 164, 2. [-444114
m,m.]
tempus 22, 3. 88, 13. 91, 13.
93, 21. 118, 8. 160, 2. 167,.6
-mwmmm.mm
13. 68,14. 67,17. 68,23.
44414444
(ex -) 73, 8. (in -) 81, 9.

 

