Index uerborum.

-ebeni 67, 1. -6661 42, 17.
-enda 102, 9. 6611189, 8. -ere
zmeeme2mm
&mmmmmma
-unt 40, 24. -116161 36, 16.
1161616111 13, 7. 78, 4. -11616
38, 3. -11666137, 11. 1166116
666666666
16666
ducenarium 42, 17.
1166611116 78, 6.
ductor 74, 6.
dmmmeQemffl
dulciarios 11, 2.
661616 96, 9. -i 136, 9.
66111 eum. 111616.1611.4,9,10. 11,
1ω6ω666666
1666666666
2. -eumimpfi 666120, 19.
6616111666 102, 17.
dumos 71, 24.
dumtaxat 13, 19.
=QOmmmm
166, 4. duae 20, 2. 38, 4. 80,
16. 138, 11. -611111116, 6. -616111
ffiffleanQm
mewmmmwm
mffiememmm.
we
, duomilia 66, 29. 100,1.
66616166 41, 17. 42, 3, ebes, 8.
emmeffimmm
18. -plis 17, 6. -plum 16, 10.
duplex 96, 14. 110, 16. -161
131,16. 138, 3. 143, 6. -66
111, e. -ia 131, 20. -ibus V. L.
mmmm ·
duplicent 27, 22.
durabit 107, 21. -61 162, 7.
-etur 136, 7. 6111118614.
mmmm
durissimam 137,14.
duritia 10, 17.
mwimmffmmi
16666666
16661666

Μ

102, 23. 103, 8, 14. 104, 6.
166666666
79, 4. 86,16. [88,6.] 92, 3.
96,11. 119,1. duci 84, 16.
97,1. 6666618612. 96, 8.
112, 13. 6666111, 2. 66666
1ωωω66666
666616Μ6
18. [124, 6.] 1166611193,2.(16·
mmmess.

2

626, 11. uide ex.

66, eadem 1166111116, idem.
eatenus 160,16,

6111616 60, 23.

ediscere 12, 11. 64,12.
edisseram 137, 8.
effimfflm

66116 129, 17.

edocendi 13, 13. ·ere 64, 11.
Μ16Μωω66
edomari 48, 13.

educentur 28, 11. -6616 94, 6.,
-cuntur 26, 8. -xii 116, 18.
6116616633, 4.

efferantur 120, 7.

6116166 29, 9.
66ω666
effluunt 136, 3.

effodiendi 196, 12. -116192, 14.
effugere 78, 21. -erini 6618.
6116611131, 10.

egesta 130, 16. 142, 2.
εμω6ῶ6666
6166466.
egrediantur 94,11. -166166140,
1. 141,16. 1111114010. 1116--
161 146, 16. 6316166116.

egregie 101, 19.

[6616316634 6.]

egressus 82, 18. 94,13.
6166111661 14, 8. 37,16. 67, 7.,
66ωφμ6666
mQstmmwm

 

