m

00οῌοΜωο
000100000
1. 54, 18. 60, 2 bie, 11. 100,

3. 112, 18. 151, 7. -00 38, 1.
00000000
mima

sinistre 18, 13. 103, 15. (pl.)
00000οω0
108, 15. 155, 7, 10. 156, 1,
0000000
ομ00000000
Μοηο0οῌ]
00100100
10000000
-00 24,10. -um 40, 11. 50,
ΉοῌΜοωωο
mmmm

sinuetur 164, 1.

sinuosis 130, 7.

sinus 106, 11. -110 (pl.) 27,
20. -um 107, 6. 10 -0 130,

siquidem eum 0001. praes. 33,
00000000
coni. imps. 53, 18.

01110 136, 3.· -1 115, 7.

situ 48, 11.

01118 19, 20. 24, 5. 43, 24. 53,
000000000
000ομ00000
00000001
00001000
040οΜΜο0
οΜ00

0100 - siue 16, 15. 90, 4.
eum coni. praee. (- siue) 9,
50000105. 00011. cum
0000000
10. 164, 12. eum 0000100000.
00000000
- 0100.

slue - siue - siue 53, 6.
eum sut. exacto 6617. 72, 3.
10004

sobrius 44, 5. 47, 18. 89, 9.
0001011001 67, 13.

Index uerborum.

socientur 12, 4. 163, 17. -ere
00000

soeiis 35, 4. 74, 18. -orum 38,
3. 105, 2. ·os et ·is V. 1..
81, 3.

001 96, 22. 149, 9. 160, 7. -is
000000000
emffldfflemme
0οΜ0000
soleant 55, 2. -eet 82, 16.
-ebant 23, 15, 25. -ent [2, 2.]
00000000
17. 60,11. 77,17. 78,12.
0000οΜμο
00000000
113, 10. 119,18. [121, 6,10.]
ms

solident 139, 2.

soliditate 133, 20. -101081, 9.

0011010042, 4. solidae 153, 5. ¹

-o V. L. 160, 8.
solite 37, 4. -0 130, 8.
sollemni 158, 7. 159, 6. -1500
00

sollers 69, 11.

sollerter 5, 22.
0000000
13. 161, 14. -3 147, 4.
sollertiores 75, 16.
sollertissime 149, 19.
[sollicitandis 121, 11.]
001110110 80, 3.
sollicitudo 46, 4.
001110110090, 10. -194, 1. ·os
00

0510 142, 4.

solstitio 155, 5. tium 152,19.

soluerint 94, 16.
000100040

58, 11. 64, 7. 73, 7. -001 90,
2. -um 102, 6. 120,15, -017, l

0000100
00101100 83, 11.
mmmwmm
sonet 65, 15.
sonis 74, 2. .

 

