Index uerborum.

(— inquibus) 111, 3. (- qni)

mmfflmme

smmssstfflmm
snmmngQm
01010031
οω1ωο1000
110110110138,1.
1101103018 38,3. 70,14.
30,1. 83,14. 88,13. -1038,13.
ωωιμωωο
Hispanias 130, 19.
Hispaniensis 88, 3.
1300100318.
1110110003, 3.
mmm‚’wm‚m
hodieque 33, 18. 30,.3 113,3.
1011101118,4.-0033,13.43,
17.,481,,.84 34,8,33,4
30, 3. ’J86125 81, 18. 113,18.
141, 8. 143, 8. ·134,3. -11110
0,13.10,.338,8144,1,13
10οω0’000’0,
mQuQstMJ
memmmm

10100100 11, 13. 0-10 43, 31.

honestiores 13, 8.

honestum 3318,

1010143, 3.

10101011073,30.

hordeum 17, 8.

10107313 37, 4. -01011183,
8110131330 83,,34.
147, 14. 181, 3’, 18.

1011101011 70, 8.
101101103,31.-010113, 18.
hortari 103, 3.

hortorum 133, 7.

’ hospitia 43, 3.
100110010111138, 4.

hostili 139, 10.

hostis passim. [(0011) 133, 3.
-im‚u.mmms
3111143. 18,80. 37,10. 73,
0-.83,487,1.103,7,107,

Μ’

4,.3 108,1. -,014 31. 33,.14
88, 13. 83, 4. 107, 81. 110,
13,114,.8 110010ομ--10111,-1100
passim.

huiusmodi 31, 13.

1111111011 133,3. 133,,3 078,
14138, 11.-0011010107.)
188,8. -188,11. 3113 0
88, 30. 33, 8.

Ηο111011111133, 1, 134,13,

L

11111 110, 3.
1001013, 3. -01011130, 3.-011-
(10188, 33, -011000 71,17.
01100013 3. -011143, 8. 33,
31. 111101 1433 100110 384.
10010100071,17. 0111111138,
0.ωο10000
000οΜῌοΜῳ.
Qn
1000101131 18,7. ·do 83,3. --011
30130,3.0101144414310
·0113111148,8.-310147,10.
iaculatores 14381300 18,
1010111100131, 18.
101118,13,,133’1. 30,.17 347.
85, 3. 38. 14, 88. 58, 18. 104,
3108, 1. 118, 13, 187, 4,
130, 7.138,3. 10111 11010 38,
7. 78, 17.
1011001100 133, 1.
iapyx 133, 1.
ibi 105, 8. 107, 14. 108, 88.
110,18,1.8 111,18.118,13.
183, 30143, 10. 163, 19'.

ibidem 34, 3. 114, 3.

ictus 84, 13. ·1'1s (pl.) 57, 17.

180,7. 10314. ·,.u88 18,,3,
10,14.100,00,-111110, 13.
48,10.118,11,183,17.1,48
3. -11003, 10.

 

