. contexendae 162,12.

Index uerborum.

, 8.-1611630, 8. 61101161-

] 1161168143, 16.

1 1016116116 67,2 .

1 consuluere V. L. 90, 2.Ι

3 consumit 69, 6. 152, 8. eump-
66111926.

contagione 68, 24.

1011611 101, 6. 140, 3. «16 79,
mmmmm

contemplatione 162, 16.

contemptum 7, 3.

contendam 29,17, 6161143,8.

-6161 16, 3.

1011111167, 11.

101161161177,17. [122111]

-1111

1 44,16.137,9.138,3.143,.8

κ 162, 4.-161111111 138, 10.

itmm,m.

³ contextionem 66, 22.

contineret 62, 5. -61164, 8.
-16183, 9.

contingere 19, 18. 75, 6.-1111
69,14. 104, 17.·111166611321.

continuari 131,14. -ute 14, 24.
continuo 78, 17. 153, 3.
continuus 74, 14. -ie 33, 2.
uide V. L. 132, 11.
Ἰ1111114141.
1 -0 48, 6. -01 21, 8. 48,.8
1 117, 6.

contorquent 18, 6. -61 144, 6.
1 'torto 99, 3·

101116 11711.6,20.16,13.(-

³ 11611)27,12

3 101116 praep. 16, 20 bie. 22, 9.

1 63, 11. 67, 9. 96,16,18, 191,

1 mmm,mm‚im1

¹ 1169111616. 116, 11116,

u.'nm,nmmmo
[1111111611.1

101116661167,21, 1111111668.
contrarius 96, 22.

contubernalis 90,16. -ee 17, 3.

11111116

m

21. 64,10. 1666161146,
16. 61, 16. 64, 7, 21. 72, 1.
90,10.

contubernium 47, 7. -143, 11.
47, 6. 6,6 20, ·641,8. 417, 4.
60, 4. -1663,10.
10111111011172 16.
conturbent 116,17. -61 116,3.
167, 11. -6106 106, 4.
1011611118, 8. -uenit 9, 20.
16116116161
16111111
79,6,20 83, 38612 96,8.
102, 221 1,09 2 118,10 [123,
19.]133,18.136,20.·-1611
1111 72, 6.

10116110 97, 3

conuerterint (611- -611111111
6ΜΜωμωΗ6.-6
36, 1. -116161 106, 2.

00110111111140,19.
1011662. 11, 14. 26, 16. 68,
6111111
670 9 ·,66176 3. 134, 13.
mfflfflmunnm
17. 78, 14. 88,2 6613311.
166911. 8617. 89,11.[122,
2.m‚mm,m.

copiosissimos 38, 2.

copiosus 37, 4. 87, 19. 06 66,
4. 117, 1.

00116 136, 8. -16 131, 4. 137,
9.138,6,10.139,11.140,
12, 14. -b98, 22.

0011167116 0616116 13, 6.
cornicine 85, 4. -166 41,16.
66, 24. 66, 2, 6, 6, 16.

cornu (quo canitur) (1011173 ,
1.ΜΗΜ11

cornu (= 616) (abl.) 40, 1. 48,
19. 60, 6. 101,1. 104,16. 107,
1116’Μ111
110, 18. [122, 17,18,21.] -um
mmmumemc
mmmnmmum

1 mmmmmmummmmmu

1
1

 

