2&

0111111 70, 22. 118, 4.
01101128.

tm· 10213. ·1070,111
11511 1008412014.
-1111180, 22.
[mmmm

R

1100011101 01,10. -10111 10224.
01000, 10, -0110 71, 10.
mmmm
qum
111000,11,
1100111000.
ομ070001ω
Qu
0100,10.
οω000000
-00012,11,-0110140,4,
0111011010. ’0007,17,0-0
0,14.1101111112012.-1110000
fflssfflm25uffffl
140,17.
11111010110,10-0101,11.
1101101111ωο134,4
1111100001.
uallibus 114, 14.
1111111103,11,10. 00,10.
80,0.-144,10.-,,,002002
014810
00110 11, 11
uariantur 101, 12. 0117010.
0011170, 11. 00111 100, 8.

uarietas 70, 11. -atem 04, 10.
-0 000 118,12.

Varro 10014,
0000 130, 0.

ubi 7, 14. 20, 14. 07, 8. 73, 4.
mwoemammm
[111. 00,) 140, 1000 1.,40 10.
1111111110 12, 1. 20, 5. 30, 0, 04,
17.,1,’.,’.0230181020
10011111 01,2.

 

mamm

manamam
10001111. 0111, 10. -ibus
10017.

ummm,3

0011000110 117, 0. 11111 154,
mmmmam1.
uehementior 24, 12. 144, 0. 1
uehemenfinimu 158, 14. -um
m&
mmwastffifl
wwnffiafflffiw
mn

uehicula 4414 40, 8. 77,4
1010001001,οῥ 00, 1. 110, 5.
Μο0000001
01, 4. 00, 1, 18). 1000 ’
00110;[1101-011088, 8.] uel
-11014, 410, 20. 14 6
18,8.19,’.,’.5211622,.12
1ΜΗΜο0οΗ1
waunmwm
mmffimfflum
11.1³2,11. 187,14. 1101 -
w-ffl—me
uel casu 28, 21. uel ma-
mmwwffl2nm
15 110101 1101001020, uel
01000110 124, 10,

wmu5wmo.ffi
wouw

mmffimm„858
1Qmfflm5m
10 ui4108,14.uolentibus
u‚3mwwmm0
11011107,4.00,18.110,10,
20.108,12.·011038, 12.
73, 17, [120, 18] 130,12.
-eQOQnffim
07,10. -111100110 110,4. 10

0011101101, 10, 117, 12, 10.

00100101114,14.
101001ο1100010,1 8.
1101οοί10101 20, 22 101, 15.
10 08, 0.· ·01 10017. 100,22.

