Index uerborum.

000000000
04000000
94, 14, 15, 16. 95, 18. (- uen-
0000000
110,1. 111, 13, 15. 11415.
00000οω0
13. (-1001001000101)138, 7.
(- fuerit 0001010) 141, 13. 145,
,0000000
10101
cum cum 0001. perfecti 30, 4.
Qum&
cum cum 1010001011 30, 10.
cun} cum 0001. plwquamperfeeti
00000000
00000000
1Ὴο000000
1000000000
0)

, .
0000101502. -is 20, 8. -00
00
cuneus 102, 7. 105, 0. -um 23,
ἩοΉο000
0000οΜ00
1051.) 111, 1. ·10103,17. -00
00
cunicularios 45, 14.

cuniculo 45, 15. -um 131,14.
141, 22. 145, 9, 16.

cupimus 79, 23. -1152, 6. 59, 6.
οω0000οι00
00000000
cupis 80, 23.

cupresso 152, 3.
00000

000001000
000100οω.
100000000
00000οΗ00
00000οω0
00

curabant 43, 9. 0101110144, 12,
13. -abatur 44, 5. -0010 70,
00ομ00000

m

-0110 91, 2. -00100 63, 3. -0100
94, 5.
currendi 124, 20. 00101095, 4.
-00100 101, 19. 116, 12. -ero
00
curriculis 113, 10.
0101001117. 0011114.
oureus 3,13. 13, 21. -1015,
0000000
00000000
0000000
0110001001 164, 16.
0000010000 103, 12. -as 27, 20.
0100004117.
custodia 70,0. 14110. ·0076,1.
custodiant 71, 14. 01006116.
1001101001(- ut) 13, 14. -ire
000οΗ000
56, 16. -isse 5, 9. -110 93, 4.
000
0010 33, 13.
311111

' 0

R

0000οω000
0100101119. 0501015015.
-antur 76, 22. -are 73, 17.
-ffinmammmw
dere (nomen — militiae) 7,
00000

Dacos 29, 14.

Dalmatiae 151, 18.
1010007011.

Danubio 165, 3.

Dardani 35, 10.

Darii 66, 2. ’
10110001ος017,6,13.29,4.
00000000
510100011111010100101001000
speras 05, 15, 17. cf. 140, 6.
10 equitibus 01000011οηί0-
cumire 103, 5. cf. 102, 3, 19,
20. 103,17. 109,13,14. de
longe 109, 21.

 

