Index uerborum. 189

QQQwfflmst. Wmmwimffiu
54,14.115,8.15991.144,1.-0115
1111561165, 2. 22, 6. 44,5. ·111· 22,93. 118, 2. -untur 134,1.
tibus 24,2 169217. directum (00110941,
1115511561· 15 17. 18, 18. 19, 11.1116056148,18.149,8.
5999‚9.9M99mmm,w.

65,10. 89, 8. 90, 14. 98, 5. 1161511518,16.57,12.-656115
956. 147, 919. 1599,1. 151512. 16,.9 57, 8. -611559,1. -61115
1591016014 1916 88,8. V.L.,.733
0000,00010 mw„4wm991'9
35,.7 -519, 6. 53, 8. 75,2. 16 -111951118, 12. 91111161515
147 7· 66, 20. 66115 47 18. -cerunt
5153506661111677,17.188,20. 75, 3 92,13 259, 3. -615656,

136,.1 189, 10. 148, 90. 5. 11665905 99, 2. (1111015
diligentissimus 13, 7. 12, 20.

1111616116,.5 11616155 147, 14. -unt 848.
0161111416. 114, 4, 8. -916666115 112, 39.
,ωωωο.9 1ωωω,ωω.1,ι
dimicabant 47, 8. 61, 8. -ndi (exercitii) 19 bet'· 9 41 1
14 74, 18. 9,59 13 107 2⁰· 5(16651ο1111155,14. (1111159511)
fflwmeMN·99mm9fflmm

·511186,16.·1156 151, 13· 33,12.35,18.(8rm01‘um)52‚
1156111 1108 11556 499 146, 11,64,1, ,am (armorum) 5,

9-m99.m‚9w9ssamstfflmwffi1
⁸fflmmw7mmwmw.
5164716. 9510411187, 00 04, 8 71,12. 22, 21. -56
0000οΜθο1ηο01ηωωο
Μ55508041 wfflmffim‚3

5511111, 195.-65111957,11. d„00,di,mm92,1
79191119999999) discrepant 55, 20. -516 56, 21.

116116115128,10.
ἜΜΜ74149οΜ505οΜΜ
99·11ΜοΜο5000
. ⁹· sm -mm89m.

ι · 11111111 137, 1.
dimitti 37, 1. missis 36, 22. discurram} 112, 16.

dinoscatur 74, 8. disperguntur 147,18. -06165
0οω0,1.1ψ1100’ομωη.
1116155 73 22. 102,6. 105, 14. 79, 1. 91, 8. 148, 6. -116982,
·5110, 193. 150, 292. 5-69163, 7. 9[122, 11.] -08 51, 10. 116,
70 -um 24, 6. (111 -) 97, 15 1.119,17.

1110224180, 6. dis persio 82, 9.

11005169 V. L. 140, 11. 116οο115115111985, 17. -55 21, 8.
05561001-11100101
65515505117,6,14.-61115 -0161956527,11.-51183,198.
71, 17. ·961111 27, 19. 58, 3. 1160061510 37 21. [124, 7.]- -0116

 

